
                              TEST: ammp                              
----------------------------------------------------------------------
    PREFETCHER   IPC  SPEEDUP ACC  COV    IDENT     ISSUED    MISSES 
----------------------------------------------------------------------
 tagged          0.05    0.88 0.00 0.00   3525920   1767956   3525886
 sequential_on_access 0.05    0.88 0.00 0.00   3527141   1768061   3525831
 sequential_on_miss 0.05    0.88 0.00 0.00   3524832   1766879   3525945
 dcpt            0.06    1.00 0.07 0.00      2005      1855   3526871
 none            0.06    1.00 0.00 0.00         0         0   3527288
 adaptive_sequential 0.06    1.00 0.00 0.00    644251    219643   3527124
 user            0.07    1.09 0.81 0.09   3720250    457334   3193038
 rpt             0.08    1.32 0.86 0.65   2742336   2666172   1245056
 dcpt-p          0.09    1.49 0.75 0.81   4958420   3828974    673390
----------------------------------------------------------------------

                             TEST: applu                              
----------------------------------------------------------------------
    PREFETCHER   IPC  SPEEDUP ACC  COV    IDENT     ISSUED    MISSES 
----------------------------------------------------------------------
 user            0.43    1.00 0.70 0.01      8434      7037    589511
 none            0.43    1.00 0.00 0.00         0         0    594211
 rpt             0.44    1.02 0.89 0.10     70913     67706    537372
 dcpt            0.45    1.04 0.86 0.09    228532     62097    540864
 adaptive_sequential 0.47    1.09 0.53 0.82   6380200   1271026    106929
 sequential_on_miss 0.48    1.11 0.84 0.27    381138    192187    432251
 sequential_on_access 0.48    1.11 0.83 0.36    608083    257688    379544
 tagged          0.48    1.11 0.83 0.36    530338    257792    379311
 dcpt-p          0.50    1.16 0.88 0.82    792468    552815    106125
----------------------------------------------------------------------

                              TEST: apsi                              
----------------------------------------------------------------------
    PREFETCHER   IPC  SPEEDUP ACC  COV    IDENT     ISSUED    MISSES 
----------------------------------------------------------------------
 none            1.51    1.00 0.00 0.00         0         0     21943
 user            1.51    1.00 0.61 0.00        36        31     21926
 adaptive_sequential 1.51    1.00 0.38 0.00       558       228     21858
 rpt             1.53    1.01 0.33 0.09     19161     12572     17780
 sequential_on_miss 1.54    1.02 0.06 0.02     16031      5825     16921
 tagged          1.54    1.02 0.11 0.03     16582      6144     16626
 sequential_on_access 1.54    1.03 0.13 0.04     16866      6428     16462
 dcpt            1.63    1.08 0.50 0.27     12137     12011     10040
 dcpt-p          1.64    1.09 0.38 0.28     17178     16051      7505
----------------------------------------------------------------------

                             TEST: art110                             
----------------------------------------------------------------------
    PREFETCHER   IPC  SPEEDUP ACC  COV    IDENT     ISSUED    MISSES 
----------------------------------------------------------------------
 sequential_on_miss 0.11    0.94 0.33 0.13   2138147    965710   2184716
 tagged          0.11    0.94 0.33 0.14   2401831   1053934   2151384
 sequential_on_access 0.11    0.95 0.34 0.14   2439882   1041065   2150559
 user            0.12    1.00 0.58 0.07   1607194    384833   2328766
 none            0.12    1.00 0.00 0.00         0         0   2489396
 adaptive_sequential 0.12    1.00 0.35 0.06    580821    417739   2349791
 rpt             0.13    1.04 0.92 0.48   2943093   1570003   1291903
 dcpt-p          0.13    1.06 0.92 0.56   2593343   1500175   1091513
 dcpt            0.13    1.06 0.95 0.56   2542270   1473635   1080456
----------------------------------------------------------------------

                             TEST: art470                             
----------------------------------------------------------------------
    PREFETCHER   IPC  SPEEDUP ACC  COV    IDENT     ISSUED    MISSES 
----------------------------------------------------------------------
 sequential_on_miss 0.11    0.94 0.33 0.13   2138147    965710   2184716
 tagged          0.11    0.94 0.33 0.14   2401831   1053934   2151384
 sequential_on_access 0.11    0.95 0.34 0.14   2439882   1041065   2150559
 user            0.12    1.00 0.58 0.07   1607194    384833   2328766
 none            0.12    1.00 0.00 0.00         0         0   2489396
 adaptive_sequential 0.12    1.00 0.35 0.06    580821    417739   2349791
 rpt             0.13    1.04 0.92 0.48   2943093   1570003   1291903
 dcpt-p          0.13    1.06 0.92 0.56   2593343   1500175   1091513
 dcpt            0.13    1.06 0.95 0.56   2542270   1473635   1080456
----------------------------------------------------------------------

                         TEST: bzip2_graphic                          
----------------------------------------------------------------------
    PREFETCHER   IPC  SPEEDUP ACC  COV    IDENT     ISSUED    MISSES 
----------------------------------------------------------------------
 none            1.39    1.00 0.00 0.00         0         0     14241
 user            1.39    1.00 0.00 0.00         0         0     14241
 adaptive_sequential 1.39    1.00 0.71 0.02       337       329     13983
 dcpt            1.41    1.01 0.66 0.32      6996      6941      7368
 dcpt-p          1.42    1.02 0.67 0.33      7233      7053      7376
 sequential_on_miss 1.42    1.02 0.57 0.31      7800      7800      7503
 rpt             1.42    1.02 0.69 0.32      6648      6646      7599
 tagged          1.42    1.02 0.66 0.52     11198     11197      4611
 sequential_on_access 1.43    1.03 0.64 0.53     11827     11713      4554
----------------------------------------------------------------------

                         TEST: bzip2_program                          
----------------------------------------------------------------------
    PREFETCHER   IPC  SPEEDUP ACC  COV    IDENT     ISSUED    MISSES 
----------------------------------------------------------------------
 none            1.17    1.00 0.00 0.00         0         0     23779
 user            1.18    1.00 0.24 0.00       518       462     23746
 adaptive_sequential 1.18    1.00 0.84 0.05      1722      1554     22435
 sequential_on_miss 1.20    1.02 0.69 0.34     12180     11891     12923
 rpt             1.22    1.04 0.87 0.37     12070     11024     13943
 dcpt-p          1.22    1.04 0.57 0.51     22348     21073     10421
 dcpt            1.22    1.04 0.76 0.40     12803     12480     11625
 tagged          1.23    1.05 0.77 0.59     18481     18041      7226
 sequential_on_access 1.23    1.05 0.76 0.62     20165     19353      6816
----------------------------------------------------------------------

                          TEST: bzip2_source                          
----------------------------------------------------------------------
    PREFETCHER   IPC  SPEEDUP ACC  COV    IDENT     ISSUED    MISSES 
----------------------------------------------------------------------
 sequential_on_miss 1.66    1.00 0.70 0.36      5572      5560      5106
 none            1.66    1.00 0.00 0.00         0         0     10647
 user            1.66    1.00 0.00 0.00         0         0     10647
 adaptive_sequential 1.66    1.00 0.93 0.06       662       644     10018
 rpt             1.66    1.00 0.78 0.41      5639      5613      5081
 dcpt            1.66    1.00 0.73 0.43      6365      6242      4502
 tagged          1.66    1.00 0.79 0.62      8400      8366      2359
 sequential_on_access 1.66    1.00 0.80 0.64      8719      8514      2355
 dcpt-p          1.66    1.00 0.70 0.45      7064      6743      4416
----------------------------------------------------------------------

                             TEST: galgel                             
----------------------------------------------------------------------
    PREFETCHER   IPC  SPEEDUP ACC  COV    IDENT     ISSUED    MISSES 
----------------------------------------------------------------------
 none            0.68    1.00 0.00 0.00         0         0     82463
 adaptive_sequential 0.69    1.01 0.21 0.01     29473      4328     81565
 user            0.69    1.01 0.46 0.04     13228      7871     76498
 dcpt-p          0.70    1.03 0.36 0.61    224975    138981     30329
 rpt             0.70    1.04 0.60 0.14    142847     36369     72311
 sequential_on_miss 0.70    1.04 0.54 0.10     67585     15588     74301
 sequential_on_access 0.71    1.05 0.71 0.23     94480     26717     67740
 tagged          0.71    1.05 0.67 0.18     75791     22538     68118
 dcpt            0.74    1.09 0.43 0.45    122709     85834     35118
----------------------------------------------------------------------

                              TEST: swim                              
----------------------------------------------------------------------
    PREFETCHER   IPC  SPEEDUP ACC  COV    IDENT     ISSUED    MISSES 
----------------------------------------------------------------------
 rpt             0.71    1.00 0.44 0.30    428811    395179    157502
 none            0.71    1.00 0.00 0.00         0         0    366199
 adaptive_sequential 0.71    1.00 0.60 0.00       592       572    365629
 user            0.71    1.00 0.00 0.00         0         0    366199
 sequential_on_miss 0.72    1.01 0.34 0.21    253480    229772    193889
 sequential_on_access 0.72    1.01 0.46 0.33    309992    263391    159079
 tagged          0.72    1.01 0.46 0.33    309869    263359    159164
 dcpt            0.72    1.01 0.43 0.37    492497    312690     73373
 dcpt-p          0.72    1.01 0.44 0.37    596941    311339     78056
----------------------------------------------------------------------

                             TEST: twolf                              
----------------------------------------------------------------------
    PREFETCHER   IPC  SPEEDUP ACC  COV    IDENT     ISSUED    MISSES 
----------------------------------------------------------------------
 dcpt-p          0.42    0.96 0.24 0.11     90213     82674    184811
 dcpt            0.43    1.00 0.40 0.00      1034       873    186666
 none            0.43    1.00 0.00 0.00         0         0    186943
 adaptive_sequential 0.43    1.00 0.48 0.00       959       793    186485
 rpt             0.44    1.01 0.39 0.01     11838      8753    185805
 user            0.44    1.02 0.58 0.08     30239     24586    179044
 tagged          0.45    1.03 0.43 0.25    113986    107301    149120
 sequential_on_access 0.45    1.03 0.48 0.39    181550    151261    135993
 sequential_on_miss 0.45    1.03 0.42 0.18     87892     81867    156145
----------------------------------------------------------------------

                            TEST: wupwise                             
----------------------------------------------------------------------
    PREFETCHER   IPC  SPEEDUP ACC  COV    IDENT     ISSUED    MISSES 
----------------------------------------------------------------------
 none            0.74    1.00 0.00 0.00         0         0     78315
 adaptive_sequential 0.74    1.00 0.35 0.00        30        23     78306
 user            0.74    1.00 0.00 0.00         0         0     78315
 sequential_on_miss 0.79    1.06 0.58 0.29     47916     39123     46788
 sequential_on_access 0.82    1.10 0.46 0.37     92873     62271     24771
 tagged          0.82    1.10 0.46 0.37     74417     62263     24770
 dcpt-p          0.93    1.25 0.67 0.67     90676     78390        93
 rpt             0.93    1.25 0.67 0.67    104272     91222        84
 dcpt            0.93    1.25 0.67 0.67     90636     78329        93
----------------------------------------------------------------------

                           PREFETCHER: user                           
----------------------------------------------------------------------
       TEST      IPC  SPEEDUP ACC  COV    IDENT     ISSUED    MISSES 
----------------------------------------------------------------------
 art110          0.12    1.00 0.58 0.07   1607194    384833   2328766
 art470          0.12    1.00 0.58 0.07   1607194    384833   2328766
 applu           0.43    1.00 0.70 0.01      8434      7037    589511
 swim            0.71    1.00 0.00 0.00         0         0    366199
 bzip2_graphic   1.39    1.00 0.00 0.00         0         0     14241
 wupwise         0.74    1.00 0.00 0.00         0         0     78315
 bzip2_source    1.66    1.00 0.00 0.00         0         0     10647
 apsi            1.51    1.00 0.61 0.00        36        31     21926
 bzip2_program   1.18    1.00 0.24 0.00       518       462     23746
 galgel          0.69    1.01 0.46 0.04     13228      7871     76498
 twolf           0.44    1.02 0.58 0.08     30239     24586    179044
 ammp            0.07    1.09 0.81 0.09   3720250    457334   3193038
----------------------------------------------------------------------

          OVERALL PERFORMANCE           
----------------------------------------
          PREFETCHER          SPEEDUP
----------------------------------------
   adaptive_sequential           1.01
   dcpt                          1.05
   dcpt-p                        1.08
   none                          1.00
   rpt                           1.06
   sequential_on_access          1.01
   sequential_on_miss            1.00
   tagged                        1.01
   user                          1.01
----------------------------------------
